-499.3322378167641
-499.2961319796955
-499.27617647058815
-499.24064217252396
-498.2814184100419
-498.255420221169
-497.321
-497.2963333333334
-497.27009166666664
-496.31233333333336
-496.2398947368421
-494.3170495169082
-494.2988865979381
-494.1929831932773
-492.2551900452488
-491.3287570093458
-491.2364252873563
-490.33310091743124
-490.2947154811715
-490.25975
-490.24254569190595
-489.311884
-489.27190502793303
-489.2572586750789
-489.2246321243524
-488.3527278562259
-488.2986455186304
-487.34827035830614
-487.29577830188686
-487.28221290322585
-487.25528313253005
-486.40474127557155
-486.30072819402335
-485.40125850340144
-485.37032061068703
-485.31668504504506
-485.2975338753388
-485.26159123055163
-485.21409555345315
-484.35697129186605
-484.31330726256977
-484.2758098958333
-484.2536506899056
-484.2270202702702
-483.3170415430267
-483.2802671755725
-483.2701335740072
-483.24578235294115
-483.2093257575758
-482.29643478260874
-482.2848020833333
-482.227888030888
-482.1747663551402
-481.3755702127659
-480.31065517241376
-480.1838542713567
-479.16586397058825
-478.25650530035335
-478.224306042885
-477.2216772727273
-476.316299877601
-476.27792050209206
-475.25869696969704
-475.2420572390572
-474.336945229682
-474.3010380434783
-474.2836490066225
-473.31834545454547
-473.27527210884347
-472.37778277153564
-472.3207949295775
-472.2852084177358
-472.2315231481481
-472.2196524390244
-472.1923014084507
-471.3934232633279
-471.37519305019305
-471.3010027524514
-471.24529912023456
-470.34223229986117
-470.25942703232124
-470.2394007707129
-469.3388588779641
-469.30146100116417
-469.2648687430478
-469.25463573085847
-468.2801442006269
-468.247490421456
-468.20094387001484
-467.35964804469273
-467.28526923076925
-467.24345569620255
-467.19583265306125
-466.2782416356877
-466.23330769230773
-464.226624288425
-463.26521311475403
-462.30025906735744
-462.21231335149866
-461.2269151291513
-460.31951655629143
-460.268262260128
-460.1985274725275
-459.30475842696626
-459.26856565656567
-459.17977999999994
-458.3250424710425
-458.30570733806763
-458.27185380116964
-458.254140625
-457.302280733945
-457.2673153526971
-457.2506333333333
-457.21768060836496
-456.32663043788335
-456.29002250803853
-456.2559787234042
-456.2239591836735
-455.32354892601427
-455.2854918883842
-455.24946264367816
-455.2379825783972
-454.3465909822866
-454.3108995386981
-454.2654261796042
-453.3434777327936
-453.30725057295643
-453.2736847457627
-453.2229642857143
-453.1434914285714
-452.3370848484848
-452.2643526011561
-452.2376183206107
-450.26054471544717
-449.27235779816516
-449.1040810810811
-447.2671192411924
-447.22426034063267
-446.3055217391305
-446.25243848580436
-445.29988888888886
-445.2162634730539
-445.1762626728111
-444.29010329852133
-444.187
-443.2865986547085
-443.2361862348178
-443.2167254901961
-443.20173575129536
-442.31018518518516
-442.24259882005896
-442.20746073298426
-441.3146987951807
-441.2586676136364
-441.2339655172414
-440.3306012861737
-440.2980472972973
-440.261296
-439.29102228412256
-438.2341909433963
-437.27600970873783
-436.1788064516129
-435.1763869565218
-434.1953548387097
-433.31293668528866
-433.2736722222222
-433.23581777777775
-432.34734986945165
-432.3100916030534
-432.2902325855962
-432.2492107526882
-432.212568627451
-431.32746792452826
-431.29037278106506
-431.2284666666666
-431.158977606718
-430.27361538461537
-430.2588954248367
-430.22509333333335
-430.20601694915257
-430.1716711864407
-429.35117499999996
-429.2783502538071
-429.2172341069626
-428.29526309437614
-428.2268457831325
-427.29178670360113
-427.25431884057974
-427.2075363881401
-426.284362924282
-426.24751171875005
-425.286027479092
-425.27576947535766
-424.2069173553719
-423.2169692307692
-422.3256911764706
-422.28938626609437
-422.1923257790368
-421.22093491124264
-420.29060233918125
-420.18241666666665
-419.25747423645936
-418.330722528863
-418.2332930110043
-418.22106973243376
-418.1972530621246
-417.3181598817097
-417.27886762336294
-417.2132274649542
-417.1807294425562
-416.3166340326619
-416.29536021464
-416.2540626980058
-416.2183599142435
-416.1868334277666
-415.20168311860925
-415.18168332680585
-414.2795225070875
-414.24765779132156
-414.21051652715545
-414.186822506494
-413.3199179979666
-413.2762732818346
-413.23848644088014
-413.203170161847
-413.1863839297791
-412.30025487395227
-412.2676306433907
-412.2326270528221
-411.33487046922323
-411.25926772428807
-410.2894990769941
-410.2537931705989
-410.2171569549178
-409.2551979420997
-408.2131296720853
-406.244168084578
-406.19713475456854
-405.2611719632595
-405.2413017969761
-405.19165083957375
-404.3152230248825
-404.27030543752227
-404.2586063989422
-404.217089470331
-403.311761676237
-403.2523913855122
-402.2905713544962
-402.2385193913523
-402.16967705568067
-401.2846755321218
-400.3007545836478
-400.22713024460427
-400.1960916552475
-400.1711711032578
-399.30441534998914
-399.2119090881366
-399.18731408724216
-398.3319294013282
-398.2839853863057
-398.251684414524
-398.22808226284565
-398.20371483532864
-397.30097684592425
-397.24391848495037
-396.2725485039452
-396.2391669350073
-394.25826788291175
-394.2219086571438
-394.19358965370213
-393.2788777383612
-392.2270833414543
-392.1698935088146
-391.17508185249767
-391.13756789775164
-390.20139545897524
-389.28303001930834
-389.2317289808357
-389.1949272979772
-389.16960203566225
-388.23343007926576
-388.21183119814634
-388.1419879669192
-387.26858164573133
-387.25020723371046
-387.1905129649606
-387.1697518072201
-386.30183566306664
-386.24755703356664
-386.21324559043705
-386.19263832731826
-386.1812525448468
-386.1585008220014
-385.28925557845804
-385.26389933334116
-385.2070893121972
-385.1732470416291
-384.2367125125608
-384.212256069644
-383.2285340698174
-382.3245477694233
-382.2697653246546
-382.2225751286891
-382.19737222995315
-381.21299738210206
-380.24315398632706
-380.1930859484619
-378.20139294236907
-377.19530242024973
-376.32014122214
-376.21574458292105
-376.1889983156655
-375.28797660547457
-375.2686355143432
-375.23164419193347
-375.2139592581824
-375.18105677808575
-374.303883653525
-374.2844636012499
-374.2653373029898
-374.208253915492
-374.1955034857957
-374.1768866462408
-373.23672601007536
-373.16757518189644
-372.23611671029977
-372.19933030217464
-372.17779039346954
-372.12895733707074
-371.27351661436063
-371.191639203574
-371.17001515782295
-370.2896938814803
-370.23291122872536
-370.1860113989845
-369.2125583714537
-369.16542020288017
-368.2917441444732
-368.253775596162
-368.2076097065127
-368.18107628652507
-367.2497705996529
-366.23943116732426
-366.1661000589565
-364.19733349648584
-363.22860938897526
-363.17945510102044
-363.1429968441665
-362.2931065499737
-362.1826525877732
-361.30916203795
-361.25242099760186
-361.1992717679142
-361.16254753573367
-360.3062815088306
-360.25709724557015
-360.2356320212548
-360.19181670307177
-360.14712943626205
-360.1285692204285
-359.2738773314153
-359.22173827638085
-359.15020423059747
-358.2420479172113
-358.1832237519634
-358.1635757137814
-358.14958969073643
-358.1159766917789
-357.2580309188321
-357.20778063189834
-357.17611002478776
-357.15550822115546
-356.27356156048296
-356.25497521582577
-356.2173899234115
-356.1702707555067
-355.2528470441038
-355.21143953135254
-355.19740902594293
-355.18654387444354
-354.2280614453045
-354.201304301222
-352.22284829292425
-351.1905489226105
-351.1233546486421
-350.18195447988074
-349.21473564810447
-348.2202381734884
-347.2360592349539
-347.1848501502393
-347.1488598975043
-347.11576228429004
-346.2413991601992
-346.21986628140206
-346.1300897824879
-345.25759410871086
-345.2226043528656
-345.1703383600782
-345.1162015333221
-344.28264856768146
-344.18338083775
-344.15091088613605
-344.13431505510397
-343.27941948514064
-343.24225789014076
-343.20532571838663
-343.1747769437027
-343.13946159523846
-342.28209757064855
-342.24766210259344
-342.1809777296467
-342.16549020781684
-341.26298764812753
-341.19546899518605
-340.3030419496914
-340.260590392998
-340.22243192836453
-339.25268312475225
-339.1796199356246
-339.1183988819467
-338.19522285629574
-337.17539427905217
-336.3201313046782
-335.1488649226719
-334.20538304823947
-334.1846508375132
-333.2218714238247
-333.1692731778464
-333.148791359
-332.23669487349315
-332.17195991274025
-332.1486146125312
-331.2053534711507
-331.18914461799295
-331.1557204531956
-331.1014819402005
-330.2473826591889
-330.2023152004002
-330.1648789387654
-330.13629694076155
-330.1182360242022
-329.2262003202196
-329.1589889046285
-329.12329866166874
-328.26594885916035
-328.24264437296586
-328.2304476920229
-328.18529750119427
-328.17539992402385
-328.1499189823296
-327.21581554646696
-327.17925470324076
-327.16577615329396
-326.20694797314525
-325.26906838833304
-325.2360900958746
-325.1644254154116
-325.1393815286528
-324.23276551901716
-324.1909930525535
-323.2737471433388
-323.2215909827761
-322.25366697380883
-322.1397019606321
-320.1723145694592
-319.1650172753096
-318.19288630890304
-318.1621081235166
-317.3190505176882
-317.18967717330275
-317.12165349894144
-316.31634924155736
-316.19015846053
-316.1340580099374
-315.1788067408513
-315.1427656683104
-314.2523041422636
-314.1706253719537
-314.12305620279074
-313.20052417590887
-313.1645838559563
-312.20148025215036
-312.1801925767424
-312.1431328716997
-311.22067083326067
-311.19570265118773
-311.12731772781746
-310.17560396353366
-310.1318441937607
-309.20566923950093
-307.2777447192092
-307.1902369082258
-307.164759882287
-307.11766437765493
-307.0988942042904
-305.1382209723671
-304.23150036964716
-304.19505967519694
-304.1761071390455
-303.1700992760088
-303.1072949512855
-302.2009271293244
-302.17940962377634
-302.14320225946784
-302.12225810841255
-301.27718588265554
-301.1984695617568
-301.1638762274791
-301.1270748125774
-300.27336592977724
-300.2363967626499
-300.199932301961
-300.15515574450876
-300.14230419331096
-300.1076223165117
-299.2518222883231
-299.2336027706571
-299.18478027663974
-299.148995683323
-298.1749890830022
-298.16457017865355
-297.2054651364098
-297.16931144847894
-297.1327479843293
-295.1532397920102
-294.1926328735359
-294.13731055805187
-293.16043053190907
-292.1406156593699
-292.1060502141807
-291.1234231986384
-290.2728266024004
-290.2144787826519
-290.1611717122594
-290.12458575537636
-289.1430240053652
-288.2365497182184
-288.2000360448687
-288.18226707216616
-287.261235002032
-287.197255157524
-287.1436288941978
-287.1121936079113
-286.258291048141
-286.22094158844186
-286.18537285036047
-286.1279353816767
-285.24914776896463
-285.22412368678107
-285.16825867885717
-285.1438882644766
-284.2437434394583
-284.15996637216455
-283.1898620270608
-283.1563843720779
-283.11703103152826
-282.1335209240218
-281.2264063689392
-281.1745908864226
-279.2047515199401
-278.0907774030591
-277.1663822860259
-276.20132150415105
-276.18137098561203
-276.1477191631432
-276.11133011434686
-275.2050104450207
-275.1506375702544
-275.12720406278817
-275.0578988098436
-274.2212358616456
-274.16394107750807
-274.1170979962183
-273.225714182244
-273.1329254372944
-273.11432491771365
-273.0969052987016
-272.2049327218587
-272.112685858105
-271.2216595176572
-271.1532429285182
-271.1283430213131
-270.22490400596274
-270.1442839344966
-269.1854265006222
-269.13917465525043
-268.18213015747494
-267.1590692533495
-266.1022343242872
-265.14354668075254
-265.1173840843349
-264.1118875315095
-262.1854483933999
-262.1317273592084
-262.0960446704944
-261.2242764555759
-261.188496728944
-261.17200104133997
-261.111421456568
-260.20485198623703
-260.18668640895015
-260.1524286508238
-260.083369603051
-259.1893847513004
-259.1161764806932
-259.09964424294577
-259.08075012233104
-258.22623526767677
-258.18898143752835
-258.08617918429763
-257.2234229078045
-257.1486391998882
-257.1017468270007
-257.08324230122935
-256.2102965293237
-256.11764914654566
-255.2062192513369
-255.16974303202537
-255.1225746031746
-254.19501456310678
-254.166843575419
-253.15404352126606
-252.15080952380953
-250.14330307692308
-250.0959691629956
-249.16949392712553
-248.11639106901217
-247.17339471067808
-247.06332183908046
-246.18938625059616
-246.17036704980845
-246.13797935103244
-245.20507907743
-245.1864311562771
-245.10155985915495
-244.2668816254417
-244.2085681063123
-244.18438617200675
-244.12434401972874
-244.06969589816123
-243.26408605341248
-243.21508867427568
-243.17928971962618
-243.15898484848486
-243.1333254092527
-243.0859908629442
-242.23111944319712
-242.21209134615384
-242.1747903930131
-242.1272809099901
-242.10235922330097
-241.22848788198104
-241.177525
-241.14323845428842
-241.1067716262976
-240.1967607973422
-239.12779820627802
-238.10724537037038
-236.1272682926829
-234.10097548161121
-233.17671794871794
-233.15714246575345
-233.13948979591837
-233.10063568773234
-232.17347427293066
-232.08914201183433
-231.21432692307692
-231.1783895348837
-231.11470666666668
-231.08468831168832
-230.24003732706865
-230.194303348654
-230.17504143126177
-230.14619160104988
-230.11025748502996
-230.0904802458297
-230.05542922374428
-229.23702993750908
-229.19451546391755
-229.16300777317144
-229.10632011892963
-229.07126158038147
-228.25246454767725
-228.2342788509163
-228.2156346328196
-228.17880485175203
-228.16012270934817
-228.1113943781942
-227.2868041958042
-227.2494027777778
-227.1622023391813
-227.13848060908876
-226.16854396277247
-226.13438401559455
-226.09587528344673
-225.16461073825502
-225.11197807017544
-224.09085454545456
-220.17458102766798
-220.08538034188035
-219.17758450704224
-218.1268129032258
-218.10584228769497
-218.07401190476193
-217.19934031413612
-217.16293294216263
-217.14630232558142
-216.16145871559632
-216.13108547008545
-216.0749267277269
-215.18323430962343
-215.14769168900804
-215.09084461152884
-214.20005378973104
-214.13263187250996
-214.09498642533936
-213.24173520249224
-213.1961
-213.16807812500002
-213.12282292807595
-212.2212100456621
-212.15291530612242
-212.11950938337802
-212.08080110497235
-211.2205137254902
-211.09617964071856
-210.13742505277975
-210.09198876404494
-208.09696688741724
-207.17926600985223
-204.14272277227724
-204.104603030303
-203.18358641670778
-203.14703142536476
-203.12816883116884
-202.1805501022495
-202.14433048433048
-202.11541549295774
-202.0947601713062
-202.077
-202.0593164300203
-201.16799869281047
-201.15736963696372
-201.13167768595042
-201.07572016460904
-200.1167623974313
-200.08033876442633
-199.09640725806452
-198.13622510822512
-198.10061951219512
-197.19091404011462
-197.17323342175067
-196.1873345724907
-196.1216093457944
-194.10642679127724
-194.08132183908046
-192.27152348993286
-190.1519061121613
-189.16793860303258
-189.1490664893617
-188.18409560723515
-188.1650715307582
-188.11617980513728
-188.07966780821917
-187.24574820143886
-187.1879097472924
-187.15253352616352
-187.11540302267002
-186.2419945652174
-186.1845397260274
-186.15699525909594
-186.1003142857143
-186.0780436187399
-186.06522402890695
-185.1726330749354
-185.154048914804
-185.08045359628767
-184.17004504504507
-184.15077190082644
-184.1215830633966
-184.08537979094078
-183.21394
-183.17483412322275
-182.21074703557312
-182.17193051359516
-177.15021403508774
-175.15236469989824
-175.09799285714286
-174.19322522522526
-174.15013661202187
-174.11208649468892
-174.06352068965515
-173.2187202797203
-173.1902
-173.1729008264463
-173.12615151515152
-172.21543857868022
-172.14168911335577
-172.08520242024204
-172.0491043478261
-171.2129338842975
-171.1929166666667
-171.15732851637767
-171.13860325797367
-171.06503367875646
-170.1549598173516
-170.1360250774866
-170.10597090134846
-169.1329696969697
-168.13939195979898
-168.09061463414636
-167.135188172043
-166.17153061224488
-165.1328315789474
-163.1241127819549
-163.06347494553376
-162.12170031545745
-162.06159786476871
-161.1730956937799
-161.13658441558442
-160.03118072289155
-159.15680291970804
-159.05362686567165
-158.12574509803923
-158.06927996906418
-157.17752525252524
-157.14167519275486
-157.08574226804126
-156.13978474903473
-156.10135512756958
-155.14318013245034
-155.11688948306593
-155.0980923369824
-154.14005726872244
-154.11531325301203
-154.07490092879257
-148.03069083447332
-147.15740409503576
-147.1202142857143
-147.0686902233614
-147.02819858156028
-146.15539614243323
-146.10650828729283
-146.06632186732188
-145.1582695652174
-145.11254696132596
-144.14648207171317
-144.11009291338584
-144.0552322775264
-143.1627105263158
-143.12642148760332
-143.10750632911393
-142.07473926380368
-141.14694884910486
-141.0906223776224
-140.18051602209945
-140.1479345238095
-140.10668767908308
-140.08790128755365
-139.17703021148034
-139.14882410423454
-139.10315294117646
-138.07325910931175
-137.0592661921708
-133.1803137697517
-132.14650516625963
-132.11017829457364
-131.16255613577025
-131.14354657873042
-131.09476023391812
-131.04073130128955
-130.24707117437723
-130.1310777777778
-130.03750650887577
-129.1468214986648
-129.0909644128114
-129.07695061728396
-129.0428702824859
-128.161835202761
-128.14376153941345
-128.09471428571428
-128.0589268974414
-127.15865879265093
-127.14129461077844
-127.09352577319588
-127.05577018633542
-126.15377080062794
-126.09037786259542
-125.16922568093385
-125.15105521472393
-125.09091860465116
-125.01129032258063
-124.14893918918918
-124.09248299319728
-123.15484971098266
-123.0904358974359
-118.13079576719576
-117.12776452599388
-116.1506496350365
-116.05870572011031
-115.12015327289863
-115.05594187582564
-115.02700720164609
-114.13585603425207
-114.11706840038266
-114.07028767123286
-114.04386828041498
-113.15175356294537
-113.13274786661886
-113.11444162740258
-113.08445335515549
-113.05887654320986
-113.04159953161593
-112.96600854700856
-112.1481619047619
-112.12918463706835
-112.11602928870293
-112.08073619631902
-111.1458085106383
-111.1168875502008
-107.16330434782608
-104.11529078014183
-102.13575268817203
-102.04300649350651
-101.10417117117117
-101.04806149193548
-100.12035744820783
-100.06396354166667
-100.00763333333335
-99.12311855670103
-99.07943328259766
-99.06826572528884
-99.03160402684566
-98.14077664109122
-98.12204039104708
-98.07657961783438
-97.15855
-97.1378755622189
-97.11946645367412
-97.05333070866142
-95.14921656050956
-95.03523529411764
-93.0505141242938
-91.00923091149272
-90.13594594594595
-90.04699999999998
-90.00638461538462
-89.02972
-89.0036111111111
-87.03236196009094
-86.10460824742269
-86.02930031948881
-84.08775486381323
-84.0694784053156
-83.12955199999999
-83.08584393063583
-82.12703298969072
-81.12498941798941
-78.12506593406594
-76.03153372434019
-75.12429310344827
-75.08862658227848
-75.01442748091604
-74.1397380952381
-74.08546766169154
-73.1454832104832
-73.06296261682245
-72.99933862433862
-72.12541998858727
-72.08870850202429
-72.02140225563909
-71.12242451154529
-71.08603806228373
-71.03738998211092
-70.14421402214023
-70.120017507724
-70.03420950323974
-69.06999616858238
-68.09433732364258
-68.05535532994925
-67.11009885675857
-67.09121182166632
-66.10726915887851
-66.08874324324323
-66.05878235294117
-63.99550691244239
-62.97773658536585
-61.2240052356021
-61.10904255319149
-60.21946096654275
-60.03648531951641
-60.002477124183
-59.03721065989847
-58.09864099526066
-58.0349397810219
-58.00554475457171
-57.113843256379106
-57.09559682597927
-57.07174248927039
-57.02186940371457
-56.1115593625498
-56.093194672805005
-56.06438524590164
-56.01873487986744
-55.09149885583524
-55.01733777777778
-53.12454225352112
-52.121407520936735
-50.063496761880074
-48.03655361280613
-48.00376012012163
-47.019543464353085
-47.000652378928855
-45.9927075769517
-45.00355287858409
-44.02585852019215
-43.9897939334373
-43.0560799659943
-43.042362527303965
-43.00604047203674
-42.98776474272352
-42.10263902174917
-42.046797054326134
-42.004913418648044
-41.100615702149845
-41.07436802860989
-41.02673136168746
-40.098373300364976
-40.02279772792984
-37.08694853398558
-36.06585835307521
-36.02186999047786
-34.06854406168668
-33.984767412081666
-32.98302948973965
-32.09678984962008
-32.0411968331239
-32.00853460542782
-31.972493586168433
-31.098185840707963
-31.00501652892562
-30.969309782608693
-30.070344000000002
-30.04755465587045
-30.010601507537686
-29.992890682656824
-29.084047619047617
-29.044556786703602
-29.007351598173518
-28.989963452836758
-28.099454106280195
-28.031669836238773
-27.98959336099585
-27.028871900826445
-27.011765684271957
-26.051837438423647
-26.012623955431756
-25.031611645813282
-24.028813011632916
-23.99206818181818
-23.02629557522124
-22.067588876146786
-22.031947242206236
-21.064815384615386
-21.027281818181816
-20.066026385224276
-19.06373537604457
-19.042427536231884
-18.010739054290717
-17.956497767857144
-17.02672685993713
-17.007499465011772
-16.953613970588236
-16.025899786780382
-15.995294343486048
-15.958402298850574
-15.103937965260545
-15.025315533980583
-14.99285046728972
-14.974972972972973
-14.100866444073457
-14.066827814569535
-14.015833333333333
-13.973654761904763
-13.030785253764579
-13.012770697907888
-12.99542641885935
-12.035969982165685
-12.010537782725052
-11.07131244464175
-11.033869604596184
-10.068345495981317
-10.049448686439145
-10.030858800947154
-9.034693576548545
-9.001081260664858
-8.033230519574506
-7.10354945054945
-7.030814871016691
-6.073207282913166
-5.069929411764706
-3.9949665271966524
-3.930088948787062
-3.032436974789916
-2.9821978609625672
-2.0157609805924412
-1.9975232558139537
-1.9790255102040817
-1.0773601895734595
-1.0022566605704135
-0.9840992601726264
-0.9596210526315789
-0.07403321410321921
8.054050593869832e-06
0.9114739130434782
0.9284369501466276
0.9841800804924693
1.0027762530849913
1.0690663900414936
1.9872348618645137
2.005343053851937
2.971943722943723
2.9899410788381746
3.0075044719123705
3.929178571428571
3.9757355371900824
3.9943892398170333
4.009455858747994
4.93236
4.960830013280213
4.97911052631579
4.997714893617021
5.963686645636173
5.9986650717703345
6.961187878787879
7.961978571428571
8.998138991411988
10.020479182613514
10.893667205446633
11.023538373403364
11.99987355977462
12.035948811198164
12.994915661319691
13.037886112417297
13.978489504242965
14.015414952251025
14.921884758364312
14.98083105022831
15.012460992907801
15.921273684210528
15.959174757281554
15.99473449609553
16.013497760716575
16.99773425274121
17.0258422794987
17.95713411078717
17.98271959107031
17.999869090005795
18.02927416520211
18.984166130760986
19.00166104294479
19.03185242408098
20.954696369636963
21.98093559322034
22.935863468634686
22.98388604651163
23.93838157894737
23.987195652173913
25.978281250000002
26.015362637362635
26.05161111111111
27.010784271594325
27.054007633587787
27.994685069753636
28.013287234042558
28.0312269446672
28.997509242384794
29.033506787330317
29.975358523725834
30.010444731404956
30.979437296037297
31.013828282828285
31.988790487658036
32.97359708258316
32.99236436022156
33.02048889525646
33.95115246846994
33.98248380523226
33.99453019687236
34.0240017333098
34.95436052638903
34.98555972779741
35.02632397669157
35.95649435938317
37.94772297217534
37.977635602049226
38.94995830691912
38.98172841063638
39.008383986781794
39.994976489348815
40.022076549838395
40.06752615333296
40.981321620023245
41.026376915490644
41.0514411941319
41.96589733691219
41.98391608373742
42.010153041993526
42.04657270965261
42.96858976859981
43.00559777968193
43.049434357368966
43.99015159983819
44.008550449016646
44.992148573356914
45.01038047653661
45.05739601282805
45.966986831692125
45.98772360899783
46.06057588681836
46.97240693214831
46.99053950528985
47.063427252669754
47.967812223964934
47.98416995728459
48.969697828158964
48.98746760644577
49.0178358966808
49.975676719811446
49.99757425589001
51.00177987363189
51.9256874284374
52.911768
53.91741304347826
54.010687763713086
54.92086138613862
55.9198084526244
56.071701030927834
56.92206867845994
56.94806093189964
57.02127464205224
57.92108482871125
58.0057202934982
58.024321849428
58.920556313993174
59.00859095161153
59.02667994614772
60.01033949476279
60.02932901554404
60.962768707482994
61.010230303030305
61.9629625
62.05522222222222
62.96769120654397
63.97812590448625
64.98287318361956
65.99031096196869
66.0209737704918
67.91543016759776
68.91810423116615
69.9967345971564
70.99931331269349
71.0370052128584
72.0212705786471
72.03607726269315
73.01645766463751
73.03548513674197
73.06112871287131
74.0192825661987
74.97786979166668
75.02122722400857
75.9611111111111
75.98093630573247
76.00038636363637
76.02943594009983
76.96510169491526
77.96036140350878
79.05327906976744
79.96630032695003
80.05619096509241
80.96930455979351
81.97185910652922
81.98743070362472
82.00560905349793
82.09446666666666
84.06829142857143
85.01637373737373
85.05232663316582
86.01887692307693
86.03652200172563
86.99398583569405
87.03732345013478
88.03571264367817
88.99335874439461
89.00960101010101
89.99632853717027
90.01365523809525
91.97601754385964
92.02624695121952
92.95994179894181
93.96156043956043
96.9669761904762
97.05255491329478
98.00186274509805
98.05489473684212
99.00434814814814
100.01602374670183
101.01887366926898
102.88960962566844
102.9886393442623
103.0096286836935
103.06333998732572
103.89006976744186
104.01221212121212
104.06646705998034
104.89146728971963
105.06856521739131
105.89225388601035
107.0191888888889
107.89616981132076
108.0196814814815
108.99071794871796
109.99323529411764
111.04886666666667
112.96696791443851
113.09521761658031
114.0427485893417
114.08024999999999
114.09863846153847
114.99173255813953
115.0271650390625
115.04584964887046
116.03026749677974
116.04824032089292
117.03212052117264
117.04915000000001
120.02432326283989
121.00043333333333
121.02722222222222
122.0552871794872
124.00835514018692
124.98634343434342
125.01077647058823
125.89653333333334
125.98870689655173
126.89917307692308
127.01777693144723
128.02090744920991
128.0585681063123
128.09494652406417
129.04247949526814
129.09734751773053
130.04151985559568
131.04065853658537
131.09337037037037
132.04405992509362
134.04618691588783
135.05291366906474
136.05617142857142
136.98819024390244
137.99086619718312
140.96239130434782
141.00591034482758
141.08985815602838
147.98040880503146
151.9963733971292
152.98121476510067
152.9994069666183
153.98417293233084
154.00070465489566
154.0736367346939
156.1008149659864
157.10372384219554
159.01631606217617
161.06838033395175
161.08758781362008
162.05306896551724
162.07106951871657
163.0552965116279
167.00837520661156
167.9916084142395
168.0106474735605
168.08966985645932
168.99501423487544
169.0136966966967
169.05162210796914
171.06472199730095
171.10160962566846
172.06723755458515
172.10276470588235
173.05221693121692
173.06963847780125
178.0482489451477
179.0502868852459
183.03527138643068
184.03826789366053
185.0414659090909
185.11624256086563
186.04291115926327
186.1194302235929
199.15374285714284
200.11613868613136
201.15654066363047
202.15564285714285
203.07962790697673
204.08244497607654
205.1335341614907
209.01827472527472
210.02065829145727
210.10054098360655
213.12209219858158
214.1256234817814
215.14660655737705
218.1289351145038
219.13237512846865
220.13320202020205
224.97985416666668
225.98341666666667
228.11068
229.162679185661
230.0917659574468
230.16569279261714
231.15034894091417
231.16827320163998
232.1703799283154
234.09237349397588
239.12736781609195
240.05668306010926
240.12928671328672
241.0598783783784
242.1377377423033
243.14095799755796
244.12509358752166
244.14376860346584
245.15703800475063
246.16020289855072
247.16274104683197
256.20979918876907
258.1355206029402
259.13587086710567
261.1498554738046
262.1540570305042
266.1546251937406
267.158325394893
269.12610457909665
269.1851441385065
279.1601723699104
285.14118438361623
286.1356890832082
286.1838209973938
287.1867537825059
288.1889987669919
289.16406653950344
290.1664861956396
291.1507948062526
293.13955383409314
297.0781471526888
298.0806979201134
299.0828054053303
299.15942347487294
300.1620162386901
300.20005627587346
301.1647400101356
309.1706400893078
313.1772033177239
319.95159753121493
340.10027471907273
341.1033668812536
342.2089396468196
344.1887613484574
349.1370913979506
350.14011232573415
355.2217361954519
356.180799917493
356.22468621238266
357.18369685406435
357.25765903815727
358.26037623818615
359.26344135886995
365.13241666714106
366.13517959110555
372.1836068329408
412.1983725246898
413.2009892911222
414.27926954228826
415.181456815107
415.28228506724605
428.2944339622641
429.2025537190083
444.2900196078431
456.32643686006827
458.32562452591657
458.89205945945946
459.32828495197435
459.8949455782313
460.3312244897959
470.3417536231884
471.300627118644
477.20903821656054
478.2122876712329
486.3000404040404
